103535
103652
103852
103853
103854
104488
104490
104492
104502
104558
104595
10461
10462
104851
104852
1051
10516
1053
10551
105537
10554
10556
10558
10560
105652
106094
107022
107622
107625
10845
1085
108682
10886
1089
109294
10948
10961
10974
109766
10978
10979
10987
109931
110093
11021
110237
11035
110457
110497
11079
11081
111013
11131
111335
111474
111476
111477
111696
11176
1118
11231
11239
113188
11367
11377
113930
113931
113932
114296
114297
114299
114374
114732
115319
115462
11578
11583
115935
115937
11611
11625
11627
116522
116532
116535
116536
116538
116541
116543
116845
116897
116903
116908
117007
117012
117021
117028
117029
117399
117480
117483
117484
117616
11774
11780
117831
117836
117913
117915
117925
11817
118192
118219
118220
118223
118233
118235
118305
118311
118391
118457
118461
118464
118466
118470
118495
118506
11853
118790
118794
118916
118923
118944
118987
118988
118992
118998
119019
119020
119021
119047
119053
119069
11953
11968
11972
11983
12039
120482
12053
12102
12122
121359
121360
121548
121556
121557
121562
121718
12195
121994
121997
122022
122024
122028
122029
122034
122040
122046
122048
122056
122058
122060
122063
122098
122102
122108
122110
122114
122119
122120
122126
122132
122134
122154
122160
12225
122420
122624
122642
122644
122645
122652
122657
122669
122683
122715
122804
122805
122813
122815
122816
122841
122907
122924
12299
123015
12304
123096
123300
123301
123384
123392
123457
1240
12423
125070
125089
125090
125112
125116
125119
125120
125122
125525
125538
125663
12580
126240
12642
13062
13087
13127
13142
13150
13151
13172
13182
13207
13220
13257
132580
132714
132716
132717
13369
133732
133736
133743
133744
133749
133755
133756
133762
133764
133766
133767
133770
133776
133777
133778
133779
133780
13386
133866
134094
13470
134812
134813
134896
134912
134945
134946
134953
134974
134982
135014
135113
135131
135137
135146
135154
135157
135163
135164
135166
135670
135697
13604
136346
136348
136356
136358
136364
136365
136366
136369
136372
136373
136378
136379
136388
136395
136397
136399
136400
136402
136420
136431
136432
136435
136440
13654
13660
136639
136718
13685
13697
137227
137299
137300
13740
13793
138090
138118
138355
1386
138940
138962
139112
139211
139286
139697
139700
139733
139739
1404
140492
140745
140747
140748
140812
140962
141948
142111
142171
142172
142288
14284
14309
143192
143223
143224
143225
143535
143686
143743
143868
143871
143903
143907
143912
143925
143932
143991
144030
144378
144425
144429
144464
144468
144469
144474
144476
144669
144813
14672
14719
14871
14933
14936
14938
14943
15049
1517
15216
15230
15307
1531
15618
157194
157601
157602
157605
157615
157618
157621
157622
157628
157629
157630
157631
157632
158070
15867
158724
158728
16385
16386
16516
16577
166298
166300
166302
16738
16748
16752
16754
169
16953
17176
17193
172446
172706
172707
174927
17503
17621
176578
176592
176594
176595
176598
176606
176616
177066
178124
178129
178138
178140
178142
17926
182084
18363
184419
18707
18820
18895
18900
18901
19007
19032
19252
19358
19474
19487
19546
19559
19560
1963
1966
1981
201681
201682
201683
2025
20278
20279
20280
20312
20327
20345
20381
20416
20508
20552
20731
20751
20844
208897
20947
20963
20992
21166
21169
2119
21252
21257
21279
21281
21295
21368
21394
21534
21546
21626
21647
2167
21684
21711
21730
21734
21771
21887
21939
22027
22055
22282
224802
22546
22607
22621
22702
22729
22736
22746
22759
22865
23097
23100
23102
23124
23209
23371
23393
234655
23468
23488
23556
23623
23641
23785
23788
23820
23838
23850
24062
24165
24284
24405
244281
24446
24520
24544
24638
24695
24807
24829
24840
24845
24859
24892
24900
24913
25020
25050
25094
25179
25186
2537
25454
25480
25482
25489
25490
25500
25518
25541
25551
25587
25593
25600
25620
25625
25661
25665
25690
25725
25730
25759
25776
25803
25809
25885
25890
25916
26018
26058
26085
26217
26361
26749
26758
27130
271575
2716
27353
27370
27390
27612
27701
27702
27703
27712
27716
27720
27802
27846
27850
27863
27933
27955
28031
28126
28129
28136
28140
28159
28161
28206
28278
28305
28336
28359
28377
28393
28410
28411
28416
28420
28437
28458
28462
2856
28730
28793
28855
29014
29161
29178
29181
2919
2924
29243
29408
29414
29448
29479
29480
29495
29524
29544
29549
2959
29593
29643
29692
29748
29809
29820
29845
29971
30006
30052
30110
30289
30299
30470
306117
30618
30830
3085
30861
30883
308940
308941
308942
3100
31016
31036
31064
31163
31194
31207
31214
31228
31246
31304
31317
31405
31441
31705
31712
320961
320963
320969
320975
320978
321181
321210
321211
321212
321213
321372
321374
321375
321385
321414
321415
321478
321508
321509
321510
321687
321785
3218
321831
32184
321923
322002
322031
322037
322107
322112
322166
322201
322255
322258
322261
322283
322284
322287
322356
322385
322386
322397
322439
322440
322448
322455
32247
32252
322553
322554
322724
322725
322726
322727
322728
322729
322730
322732
322742
322750
322751
32284
323070
323184
323189
323192
323220
323221
323222
324024
324025
324026
324118
324139
324214
324236
324237
324277
324359
324369
324372
324387
324388
324433
324434
324455
324458
324462
324474
324479
324480
324696
324787
324801
324809
324820
325
325021
325043
325045
325046
325047
325049
325050
325108
325212
325213
325214
32537
325617
325618
325677
325682
325687
325692
325694
325710
325713
325722
325917
325923
325926
325937
325966
326028
326035
326086
326193
326194
326195
326197
326201
326202
326205
326207
326211
326236
326253
326286
326342
326343
326409
326411
326412
326416
326421
326426
326439
326465
326467
326468
326469
326490
326497
326499
326502
326508
326512
326517
326546
326548
326601
326645
326650
326714
326737
326822
326828
326832
326835
326838
326839
326840
326841
326854
326857
326902
326903
326957
326958
326978
326998
327
327004
327007
327009
327013
327019
327021
327022
327023
327112
327115
327206
327233
327270
327283
327372
327420
327424
327610
327614
32764
327654
327766
327781
327808
327812
327816
327828
327895
327977
328004
328009
328089
328105
328151
328162
328206
328450
328494
328497
328523
328945
328997
329005
329030
329031
329125
329127
329146
329148
329248
329338
329346
329383
329542
329567
329572
329639
329640
329766
330290
330293
330317
330324
330389
330393
330395
330671
330998
331057
331071
331438
331582
331648
331729
331762
331831
331894
331986
331988
332004
332005
332034
332258
332259
332376
332381
332383
332385
332394
332405
332434
332476
332483
332490
332530
332532
332533
332534
332598
332634
332642
332643
332649
332654
332655
332656
332677
332759
332761
332772
332775
332849
333196
333357
33337
333411
333478
333481
333499
333517
333539
333564
333573
333673
333679
333681
333721
333722
333778
33378
333922
333985
333993
334010
334134
334176
334179
334180
334181
334183
334184
334209
334213
334302
334308
334455
334534
334592
334596
334598
334612
334645
334651
334772
334833
334840
335
335009
335022
335211
335228
335232
335234
335236
335244
335281
335581
335589
335637
335673
335685
335696
335842
336040
336128
336362
336431
336442
336539
336540
336586
336588
336596
336597
336598
336599
336600
336601
336603
336604
336650
336656
336659
336661
336838
336849
336871
336878
336908
336997
336998
337247
337424
337453
337597
337633
33771
337838
337909
337950
338040
338063
338143
33830
338385
338394
338455
338519
338700
33911
339333
339355
339472
339482
339488
339489
339605
339725
339729
339891
339906
339915
339938
339966
339973
340078
340154
34032
340836
340902
340903
341000
341066
341222
341228
341230
341272
341294
34141
341796
341846
342060
342073
342075
342087
342165
342214
342293
342305
342337
342342
342360
342389
342406
342437
342492
34253
343080
343111
343662
344160
344572
344577
344908
345199
345477
345515
345519
345520
345522
345524
345530
345538
345542
345545
345549
345552
345563
345566
345568
345569
34571
34573
345993
346091
346114
346161
346191
346242
346249
346401
34649
346533
346749
346750
346761
346828
346878
346948
346969
346970
347025
347056
347061
347062
347067
347116
347159
347190
347192
347203
347204
347205
347208
347209
347213
347218
347229
347230
347234
347243
347250
347256
347259
347260
347263
347264
347272
347273
347274
347276
347279
347281
347282
347283
34729
347314
347319
347345
347361
347364
347367
347371
347372
347378
347381
347387
347388
347409
347480
347643
347699
347701
347702
34776
347834
347866
347868
347873
347874
347875
347877
34788
347882
347890
347898
347900
347960
34798
347984
347988
347992
347995
348008
348013
348068
348073
34824
348484
348635
348688
348757
348811
34917
349240
349594
34967
34976
349884
349988
350029
350052
350054
35011
35014
350155
350156
35066
35072
350803
351204
351234
351242
351254
351662
3517
351981
352083
352445
352582
352703
352718
352721
352732
352736
352756
352786
353117
353319
353728
353733
353823
353842
354092
354175
354445
354798
354990
354992
355362
355371
355380
355384
355426
355436
355439
355528
355569
355589
355652
355668
355724
356067
356072
356076
356100
357397
357434
357480
35788
358057
358060
35904
359565
360126
360230
360239
360280
360284
360289
360325
360403
360418
360420
360522
360547
360561
360576
360577
360581
360622
360697
360707
360756
360808
360868
36096
36098
361032
36119
361628
361673
361903
362205
362207
362210
362211
362232
362239
362259
362269
362275
362427
362495
362684
362857
363067
363076
363077
363079
363165
363187
363230
363391
363437
363586
363610
363772
363777
363779
363888
364046
364050
364072
364223
364246
364249
364261
364283
364325
364348
36435
364472
364622
364661
364707
364713
364776
36506
365126
365147
36518
36530
36534
365420
365434
36544
365443
365580
365631
365741
365986
366058
366104
36651
366520
366651
366761
366852
366856
367060
367067
367120
367123
367124
367188
367189
367193
367268
367269
367299
367304
367312
367444
367770
367804
367838
36813
368290
368320
368429
368595
368741
368768
368976
369206
36923
369233
369379
369524
369531
369817
369821
369977
369997
369998
369999
370145
37017
370182
370186
370298
370463
370486
370608
370798
370848
370851
370928
371085
371164
371172
371198
371264
371346
371895
372228
372808
372959
373599
37399
374193
374199
374216
374557
37470
375201
375206
375209
375519
375577
375604
375638
375667
376376
376396
376526
376534
376541
376569
376795
3771
377205
377207
377212
377278
377397
377608
377658
377659
377666
377667
377668
377862
377900
377908
377911
377925
377928
378002
378021
378089
378098
378186
378203
378252
378268
378376
3784
378447
378502
378503
378504
378507
378509
37852
37853
378538
378557
378588
378771
378987
378990
378992
379002
379005
379008
379011
379014
379039
379093
379139
379302
379446
379454
379619
379628
379631
379633
379661
379691
379692
379843
379845
379846
379886
380000
380001
380032
380035
380036
380037
380038
380041
380042
380152
3802
38032
380320
380321
380322
380326
38033
38043
380454
380504
380517
380639
380659
380661
380666
380671
380816
380837
380838
380839
380840
380843
380867
380925
380932
380935
380936
380959
380960
380966
380970
380971
380979
381011
381020
381023
381025
381054
381062
381066
381138
381144
381154
381161
381166
381168
381171
381221
381226
381309
381401
381432
381436
381606
381677
381690
381717
381718
381729
381732
381734
381735
381746
38175
381755
381757
381777
381778
381779
381780
381785
381788
381790
381792
381794
381796
381797
381800
381802
381804
381811
381812
381836
381875
381903
381911
381916
381937
381938
381940
381942
381950
381952
381953
381955
381956
381957
381959
381962
382061
382069
38207
382071
382072
382074
382075
382076
382077
382078
382099
382100
382101
382102
382106
382107
382108
382109
382111
382134
382135
382137
382139
382140
382141
382142
382143
382144
382145
382195
382196
382197
382198
382199
382200
382201
382208
382210
38226
382314
382380
382422
382423
382424
382426
382454
382472
382504
382541
382543
382551
382554
382557
382667
382681
382687
382694
382729
382730
382732
382733
382753
382754
382755
38281
382820
382854
382904
382918
382930
382961
382972
382977
382979
382986
383023
383059
383118
383119
383120
383121
383124
383234
383342
383374
383377
383424
383430
383442
383444
383445
383446
383462
383463
383465
383467
383470
383471
383520
383622
383634
383636
383638
383639
383640
383664
383744
383745
383763
383770
383924
383961
383971
383979
383993
384011
384012
384013
384015
38402
384033
384034
384035
384036
384097
384110
384111
384113
384114
384117
384119
384121
384167
384219
384236
384239
384240
384241
384272
384375
384380
384536
384563
38471
384799
384800
384881
384895
384896
3849
384914
384915
384924
384946
385007
385008
385021
385043
385044
385059
385066
385067
385079
38529
38541
38763
38798
38840
38875
38879
38880
38905
38946
38955
38972
39310
39385
3955
39625
39627
39642
3990
400466
400764
400799
400950
400951
401048
401087
401111
401119
401258
401334
401428
401480
40152
402079
402161
4022
402203
402278
402500
402502
402509
402660
40276
40307
403376
403378
403392
403395
403397
403398
4034
403452
403456
403462
403463
403469
403551
403606
403624
404079
404082
40435
404490
404734
404736
404737
404788
405063
405090
405105
40511
40537
405529
405530
405544
405758
405977
40603
40606
406062
406083
406120
406121
406371
406375
40639
406393
406396
406398
406410
406438
406439
406478
406492
406563
4069
40703
40730
407375
407542
40782
40800
408637
40929
409506
40992
409935
410040
410047
410267
410316
411213
411256
411738
412399
412855
413028
413143
413306
413337
413703
414765
414799
414921
415141
415496
415528
4156
415824
415992
416592
416964
416972
416975
417276
417279
417331
417333
417334
417337
417339
417391
41752
4177
417733
417736
41788
418873
418877
418878
419075
419080
419084
419085
419086
419355
419437
419644
419891
419893
420003
420004
420005
420006
420140
420141
420143
42022
420377
420871
421078
421122
421161
42158
421871
42192
422187
422189
422191
422800
4229
42309
42357
42426
425210
425851
425970
426904
426926
42725
42760
42882
428954
428961
428966
428967
428969
428978
428994
428997
429015
429163
429176
429178
429179
429222
429258
429335
429398
42975
429781
429838
430170
430518
430687
430807
430810
430814
430823
430825
430827
430828
430829
430830
430831
430836
430845
430846
430851
430879
430880
430882
430885
430889
430890
430900
430902
430910
430948
430987
430997
431006
431008
431045
431048
431061
431063
431068
431076
431079
431110
431112
431116
431119
431172
431175
431177
431183
431190
431193
431196
431222
431226
43123
431231
431236
431237
431238
431244
431247
431248
431252
431254
431260
431262
431265
431267
431273
431298
431299
431317
431319
431320
431328
431348
431349
431353
431355
431357
431363
431367
431369
431377
431383
431391
431393
431395
431397
431398
431401
431402
431598
431716
431719
431810
431811
431819
431845
431847
431852
431857
431861
431863
431864
431867
431873
431878
431896
431906
431912
431918
431930
431931
431932
431934
431936
431937
431938
431941
431944
431947
431948
431960
431967
431978
431980
431991
431996
431998
432009
432221
432222
432223
432226
432228
432232
432237
432242
432245
432246
432249
432250
432251
432254
432255
432256
432258
432259
432262
432263
432265
432268
432271
432272
432274
432276
432278
432280
432282
432295
432298
432304
432306
432319
432326
432328
432337
432339
432342
432346
432348
432354
432357
432358
432363
432368
432369
432376
432380
432381
432383
432387
432389
432390
432391
432392
432393
432394
432398
432400
432402
432406
432407
432409
432420
432426
432427
432428
432431
432434
432435
432436
432437
432438
432439
432441
432442
432443
432444
432449
432450
432451
432452
432504
432729
43275
432757
432785
432787
432789
432792
432793
432798
432820
432821
432824
432886
432887
433146
433294
433307
433308
433399
433417
433448
433468
433470
433472
433473
433485
43364
433688
433694
433697
433893
433900
434154
43457
434613
434621
434640
435292
435474
43580
4359
43615
43637
43640
43650
4368
437060
437106
437111
437119
437315
437332
437344
437363
437366
437368
437398
437402
437422
437423
438483
438636
439661
439896
439920
439950
439956
440009
440010
440031
4401
44031
441082
441155
441704
441803
441898
442111
442113
442188
442628
442670
442673
44311
443710
444064
444065
4446
445670
44581
445878
445886
446241
446244
446251
446260
446311
446344
446348
446349
446360
446361
446362
446363
446364
446367
446368
446370
446371
446378
446383
446385
446386
446388
446391
446401
446404
44647
446499
446504
446517
446518
446523
446524
446525
446527
446529
446530
446542
446587
446598
446600
446607
446608
446610
446613
446619
446627
446632
446634
446820
446828
446855
446860
446866
446869
446871
446874
446879
446880
446890
447041
447045
447048
447049
447075
447090
447091
447092
447094
447096
447099
447100
447101
447106
447112
447116
447118
44716
447160
447176
447177
447181
447185
447188
447213
447227
447241
447242
447260
447304
447309
447323
447325
447344
447370
447385
447408
447416
447418
447419
447463
447465
447466
447468
447469
447487
447589
447611
447670
447672
447673
447675
447676
447677
447743
447745
447747
447773
447774
447777
447830
447832
447834
447837
447838
447843
447845
447847
447849
447870
447871
448022
448028
448040
448061
448062
448065
448067
448068
448258
448259
448302
448303
448304
448305
448306
448308
448392
448546
448547
448549
448582
448584
448585
448589
448632
448634
448635
448637
448641
448643
448646
448740
448743
448744
448749
448761
448766
448883
448887
448950
448954
448955
448957
448958
448961
448962
448963
448971
448975
448976
448977
448978
448984
448988
448993
448994
449163
449165
449167
449168
449169
449196
449283
449286
449340
450134
450137
450138
450150
450151
450152
450155
450156
450157
450170
450172
450175
450178
450180
450181
450182
450183
450184
450186
450187
450188
450189
450191
450194
450196
450197
450417
450491
450493
450494
450512
450514
450525
450526
450529
450532
450536
450538
450539
450540
450541
450542
450571
450573
450575
450577
450681
450683
450684
450685
450686
450824
450831
450833
450834
450835
450935
451005
451020
451021
451022
451023
451024
451025
451027
451046
451047
451051
451052
451053
451066
451068
451086
451094
451095
451096
451097
451099
451104
451107
451108
451109
451111
451112
451115
451120
451121
451126
451128
451140
451144
451145
451148
451151
451152
451153
451160
451163
451169
451177
451179
451185
451187
451189
451191
451194
451197
451200
451202
451203
451204
451210
451211
451213
451214
451220
451224
452059
452111
452199
452551
453625
453628
453629
453638
453639
453646
453647
453649
453650
453666
453678
453679
453680
453681
453682
453685
453687
453691
453698
453699
453700
453769
453887
454227
454240
454261
454375
454651
454717
455022
455039
455206
455223
455224
455227
455231
455234
455238
455612
455614
455615
455624
455887
455930
456509
456584
456595
456598
456599
456804
456832
456833
456834
456835
456836
456837
456838
456839
456840
456841
456843
456844
456845
456846
456847
456848
456849
456850
456851
456853
456854
456856
456857
456861
456884
456885
456886
456887
456888
456889
456894
456895
456896
456897
456898
456899
456900
456901
456902
456903
456904
456905
456906
456907
456908
456909
456937
456938
456939
456942
456943
456944
456949
456950
456951
456952
456954
456955
456956
456959
456960
456961
456962
456963
456964
456965
456966
456967
456968
456969
456970
456971
456972
456973
456975
456976
456977
456978
456979
456980
456981
456983
456984
456989
456991
456993
456994
456995
456996
456997
456998
456999
457000
457001
457002
457003
457004
457005
457006
457007
457014
457015
457022
457023
457025
457027
457028
457029
457030
457031
457062
457091
457251
457252
45792
458047
458806
459634
459676
459685
460119
460722
460724
460725
460726
460997
46122
46165
462612
462613
462614
462615
462617
462717
4634
463876
463884
463887
464436
46450
464651
46472
464845
465065
465083
465128
466117
46641
466831
466896
467398
46814
468954
46898
46957
470188
470242
470248
470249
470251
470261
47117
47173
471732
47266
473138
473182
473632
47368
47387
474351
474352
474964
475011
475210
47530
47605
476142
4764
476525
476725
476731
477064
477065
47737
477457
477974
477979
4780
478245
4785
478642
478643
478644
47964
479876
47988
479934
479937
480121
480123
480124
480234
480241
480292
480293
480479
480571
480944
480957
481059
481097
481099
481445
48147
481535
48184
481880
481881
481930
481940
48200
482301
48253
482974
48341
483461
483467
483469
483519
483520
483522
483616
483621
483626
483627
483628
483889
484313
484336
484407
48538
485497
48609
487301
487305
487306
487316
487317
487320
487982
488349
488659
488683
488760
488990
489038
489039
489075
489077
489080
489094
489115
48913
489143
489399
489780
48979
48986
490139
490226
490253
49111
491177
491179
491521
491541
491542
491543
491613
491643
492029
492694
492800
49340
49345
49365
49367
49370
49378
493845
493887
49389
493894
494009
49410
494228
49426
494292
494995
49562
49574
49614
49640
496495
49651
49655
496609
496900
496906
496907
497080
497094
49750
497852
497912
497937
498982
499724
500041
500108
500128
500129
500230
50030
500388
500390
500391
500393
500394
50040
50045
50047
500479
50050
50051
50055
500581
500603
500650
500785
500953
500954
500959
500962
500971
501113
501172
501502
501713
501742
501900
501947
501991
501997
501999
502020
502026
502027
502400
502420
502421
502852
502860
502861
502862
502871
502945
503000
503064
503065
503387
503399
503441
503467
503494
503702
503705
503706
503710
504131
504162
504270
504271
504680
504681
504744
504772
505056
505134
505135
505144
505352
505358
505362
505381
505404
505427
505428
505659
505682
505688
5057
505733
505752
505841
505910
505920
506135
506136
506137
506142
506143
506716
506749
506787
506788
506801
506812
506915
506916
506923
506927
506981
506983
507386
507750
507982
507985
508078
508110
508183
508185
508186
508187
508188
508354
508528
508535
508536
508537
508540
508542
508662
508736
508804
508848
508849
508859
508868
508870
509025
509026
509027
509028
509030
509031
509041
509042
509069
509089
509090
509092
509093
509094
509095
509096
509097
509098
509100
509102
509104
509107
509111
509112
509113
509114
509115
509118
509120
509121
509122
509140
509141
509142
509145
509156
509158
509159
509171
509172
509173
509174
509175
509176
509178
509179
509180
509181
509183
509184
509185
509186
509189
509212
509215
509216
509217
509218
509219
509220
509226
509227
509228
509239
509240
509242
509243
509244
509250
509253
509254
509255
509258
509259
509261
509262
509266
509267
509268
509269
509270
509272
509273
509275
509276
509277
509278
509280
509281
509282
509283
509284
509285
509286
509287
509288
509290
509291
509298
509299
509300
509301
509307
509308
509310
509313
509314
509315
509316
509317
509318
509319
509320
509322
509323
509324
509325
509326
509327
509328
509329
509331
509332
509333
509334
509335
509340
509341
509342
509344
509354
509391
509392
509393
509394
509395
509397
509398
509399
509400
509401
509402
509403
509404
509405
509406
509466
509471
509484
509548
509604
509606
509613
509616
509738
509917
510127
510161
510173
510175
510178
510181
510252
510257
510411
510477
510714
510896
510898
511387
511497
511668
511814
511823
511898
511899
511939
511952
511993
511994
511995
512001
512228
512300
512301
512568
512603
512604
512720
512781
513187
513476
513535
513668
513675
513724
513823
5139
513974
513976
514305
514306
514308
514309
514476
515926
515929
516106
516110
516808
516912
517359
517496
517497
517501
517508
517609
518037
518039
518042
518050
518058
518180
518728
519423
519439
519443
519451
520508
520513
520577
520579
520612
521574
521712
521714
521715
521877
521997
521999
52211
52212
52222
52223
52225
522630
52271
52275
522800
522801
522805
522809
522812
522815
522816
52290
523230
523231
523246
523304
523309
523330
523332
523333
523334
523335
523337
523362
523368
523369
523472
523480
523481
523486
523895
523934
524160
524364
524368
524387
524394
524446
524570
524572
524573
524574
524629
524670
524671
524672
524745
524746
524751
524753
52519
525297
525346
525635
526200
526208
526267
526702
526711
526719
526977
526983
526984
527272
527812
527814
527821
527823
527887
528160
528161
528163
528825
528830
528832
529035
529048
529049
52956
529638
529639
529924
529927
529928
52994
529940
529941
529942
529943
530056
53012
530976
531023
531024
531048
531086
53117
531199
531434
531435
531520
531552
53168
531944
532115
53254
532605
532880
532881
532883
532885
532945
532956
533198
533376
533377
533378
533466
533544
533551
533914
533915
534010
534158
534166
534196
534563
534564
534566
534570
534572
534750
534751
534754
534757
534791
534795
534797
534821
534825
534826
534827
534829
535531
535540
535542
535623
535637
535649
535678
535679
535802
535803
535816
536091
536253
536254
53670
536891
536969
536994
537531
537533
537538
538535
538536
538537
538807
5390
539692
539947
539960
539961
540013
540263
540291
540295
54087
541170
541172
541314
54182
54243
54255
543093
543094
543096
543097
543105
543281
543286
543287
543289
543580
544600
544756
544772
544773
544774
544775
544830
544832
544838
544857
545574
545579
545621
546282
546290
546291
546558
546559
546694
54681
546860
546869
547367
547401
547402
547405
547407
547595
547921
5482
548448
548449
548714
548715
548962
548963
548964
549092
5491
549152
549153
549155
549165
549167
549552
549557
549569
549855
55028
55030
550633
550657
5512
551231
551374
551386
551812
551851
551913
551921
552021
552022
552023
552024
552025
552053
552054
552056
552057
552289
552340
552342
552451
552452
552508
552560
55395
55398
554382
554505
55466
555188
555189
555353
555354
555357
555359
555366
555368
555369
555380
555381
555382
555383
555390
555391
555394
55554
555692
555970
555975
556121
556122
556347
556382
55708
557809
557912
557914
558037
558039
558264
558267
558300
558310
558549
558575
558771
560098
560202
560217
560218
560219
560225
560226
560230
560237
560238
560248
560249
560251
560252
560253
560254
560255
560256
560257
560259
560260
560261
560262
560264
560266
560267
560273
560275
560277
560278
560283
560284
560285
560287
560288
560290
560291
560293
560294
560295
560297
560298
560301
560302
560303
560304
560305
560306
560307
560308
560309
560310
560318
560320
560321
560322
560323
560324
560325
560326
560327
560328
560332
560333
560334
560337
560338
560340
560632
561288
561340
561680
561684
561785
561786
561896
561919
561961
562004
562376
562378
562600
56262
563017
563137
56323
563284
563286
563314
5636
563995
564001
564002
564115
56461
564687
56515
565213
565597
565818
565821
566240
566241
566250
566253
566439
566524
566544
566712
566753
566776
566778
566840
567070
567077
567084
567102
567170
567172
567178
567272
567282
567285
567287
567548
567555
567558
567619
567624
567625
567626
568341
568345
56850
56900
569365
569378
569736
56975
570074
570075
570285
570286
570472
570630
570631
571026
571027
571028
571029
571038
571060
571061
571062
571367
571368
571406
571407
571408
571414
571542
571562
571657
571658
571670
571762
572014
572017
572019
572032
572033
572035
572037
572040
572041
572166
572333
5724
572490
5726
572731
573040
573044
573045
573046
573100
573101
573116
573975
573980
574
574070
574084
574094
5741
574187
574188
574240
574244
574323
574324
574326
574327
574331
574468
574756
574764
574765
574767
574768
574783
574787
574820
574826
574828
574831
574833
574834
574870
574923
574924
574926
574958
574959
574960
575025
575095
575701
575779
575784
575785
575817
575823
575825
575835
575836
575848
575861
575863
575964
576137
576138
576172
576173
576175
576176
576193
576200
576201
576204
576365
576378
576711
577086
577087
577115
577119
577150
577435
577437
577624
577626
577635
577637
577653
577664
577762
577865
577910
578
578060
578062
578159
578169
578362
578363
578364
578370
578623
578625
578731
578736
578738
578740
578743
578862
579053
579054
579055
579090
579096
579097
579166
579167
579187
579599
580622
580624
580627
580629
580632
580633
580639
580684
580716
580917
581038
581039
581040
581136
581160
581949
582096
582221
582567
582605
582714
582736
582739
582821
582826
582927
583288
583405
583450
583452
583455
583464
583465
583613
583616
583619
583624
584000
584009
58502
585103
58512
58514
585971
585972
586268
58637
586840
586856
586857
586859
586860
586870
586878
586879
586880
586881
586882
586883
586884
58709
587090
587091
58710
587135
587207
587292
58770
58772
587905
587925
587948
587949
588039
588042
588043
588045
588046
588047
588061
588062
588320
588587
588903
58929
58930
58980
59019
590385
592193
592194
592195
592206
592207
592747
592805
592833
592840
592844
593085
593347
593364
59355
59363
59364
593813
593834
594760
594791
594966
59502
595033
59504
595175
595176
595177
595178
595179
59570
59675
596968
597155
597287
597431
597435
597440
597449
597844
598190
598228
598473
598475
598479
598544
598591
598690
598706
598731
599323
599366
59967
601563
601575
6021
602851
603071
605125
605212
607377
607591
608178
608179
608315
608327
608329
608592
608593
608959
609503
609705
610470
610472
610473
610528
610596
610597
610600
610620
610768
611547
611567
611646
611648
611710
611712
612285
612286
612382
612417
612561
612569
612572
612573
612639
612645
613600
613700
613708
613942
614358
614360
615349
615358
615359
615730
615733
615735
615973
616180
616181
616725
616726
617041
617042
617409
618382
618461
620126
620872
620889
621336
622
622176
6225
622790
622795
622797
6231
6237
623845
623850
624020
624069
624294
624766
625379
625694
62616
626481
626484
626485
626616
626618
626660
626666
626667
626858
626859
626959
626960
626975
627080
627082
627147
627404
627454
627479
627752
627820
62785
62787
62790
62859
62886
628995
629058
629059
629096
629097
629110
629112
629121
629358
629502
629504
629505
629635
629636
629804
6301
630502
630506
63057
630623
63063
63064
630642
63073
63078
630905
63095
631046
631243
631255
63193
632958
63305
633095
633596
633643
633832
633870
633875
633940
633945
634025
63404
634275
634283
635326
63533
63534
63542
636573
636575
636658
636659
636682
637734
638004
63854
63859
6387
638915
639041
639049
639197
639496
639534
639536
63993
63994
640064
640122
640129
640251
640828
64113
641251
64162
641701
641702
641703
641709
64183
642071
642265
642312
642313
642314
642417
642418
642427
642580
642586
642587
642603
642640
643207
643400
64358
64400
644250
644255
644311
644395
644443
644447
64458
64488
644970
644993
64505
645103
645163
645166
645167
645168
645170
645173
645174
645176
645271
645272
645380
645382
645587
645894
646142
646873
646876
646895
64715
647263
647272
647273
647274
64753
64761
647732
648300
64844
64845
64865
64866
64867
648674
64868
64871
64874
64876
64877
649237
649403
649591
649592
649594
649595
649625
649626
649627
649713
649714
650148
650294
650347
650382
650388
650452
650599
651002
651078
651142
651144
651191
651269
651360
651479
651498
651499
651503
652035
652340
652496
652570
652573
652577
652684
653269
653325
65360
653821
654786
655127
655190
655218
655410
655414
65604
656284
656677
656998
657029
657070
657071
657420
657440
657589
657633
657637
657638
657639
657671
658103
658249
658584
658587
65867
65869
659479
65973
659751
659759
659890
659892
659930
660245
660250
660252
660289
660330
660343
660379
660383
660396
660414
660450
660451
660563
660570
660573
660748
660853
660854
660917
660929
660972
661132
661143
661161
661210
661212
661260
661264
661363
661442
661491
661503
661650
661660
661663
661664
661668
661669
661673
661762
661780
661795
661796
661797
662091
662093
662122
662123
662126
662133
662199
662227
662241
662257
662259
662340
662393
662462
662505
662517
662554
662555
662577
662583
662632
662693
662708
662729
662786
662788
662789
662816
662818
662821
662828
662832
662833
662835
662839
662883
662946
662948
662952
662973
662975
662978
662980
663000
663004
663187
663289
663293
663323
663363
663382
663383
663390
663392
663394
663395
663396
663397
663398
663399
663440
663565
663570
663571
663572
663653
663665
663666
663668
663669
663671
663704
663760
663777
663828
663837
663925
663945
663959
66431
664463
665414
665421
665422
665431
665435
665509
665577
665593
665595
665596
665607
665672
665675
665708
665732
665783
665834
665843
665889
666064
666280
666463
666561
666564
666565
667515
667525
66765
667655
66766
667711
667712
667751
66778
667831
667858
667902
668014
668025
66813
668226
668227
668279
668381
668382
668383
66850
668620
66875
668772
668822
668827
668951
668973
669127
669190
669332
669361
669371
669373
669455
669475
669499
669785
669790
669795
670096
67031
670316
670347
67064
670740
670745
670822
670823
670825
670826
670830
670831
670840
671012
671017
671103
671104
671171
671207
671358
671579
67170
671702
67203
672148
672149
672183
672218
672219
672251
672262
672263
672319
672324
672325
672326
672327
672329
67233
672360
672380
672775
672777
672815
672816
672834
672838
672839
672842
672843
672844
672845
672848
672860
672863
672864
672868
672870
672890
672955
672962
673020
673065
673068
673069
673095
673099
673120
673125
673257
673265
673304
673380
673393
673395
673397
673429
673432
673533
674273
674333
674355
674432
674480
674522
674529
674551
674565
674566
674567
674569
674620
674621
674693
674698
674730
674796
674890
674891
674892
674968
674969
675226
675227
675232
675290
675292
675358
675393
675410
675411
675815
675817
67582
675831
67618
676207
676222
676259
676262
676346
676359
676397
676429
676523
676564
676580
676583
676584
676615
676619
676621
676639
676641
676775
676807
676864
67722
677250
67726
677298
677526
677746
677808
678314
678387
678459
678530
678547
67870
678719
678735
678912
678913
678914
678920
678926
678938
679007
679012
679096
67910
679347
679348
679349
679360
679369
679370
679371
679373
679377
679378
679379
679380
679637
679707
67975
679985
679987
68010
680166
680167
680168
68040
680456
680981
681026
681114
681145
681146
681274
681276
681283
681397
681471
681473
681615
681632
681651
681686
681687
681688
681724
681726
68185
68187
68188
681914
681915
681990
681991
682141
682186
682187
682275
682282
682357
682396
682448
682460
682505
682524
682795
682818
682828
683043
683183
683184
683208
683255
683272
683326
683328
683329
683410
683420
683433
683440
683556
683581
683582
683586
683618
683711
683881
683997
68423
68440
684429
684555
684556
684557
684719
684789
684973
684975
684977
68519
685543
685549
685551
685620
685688
685689
685705
685706
685708
685801
685842
686044
686159
686181
686203
686276
686277
686288
686463
686481
686487
686533
686704
686780
686781
686785
686817
686818
686841
686842
687033
687039
687207
687211
687212
687216
687258
687311
687792
687835
687838
687841
687843
687844
687860
687966
687968
688260
6884
688541
68867
68871
688838
688839
688852
688855
688856
688858
688873
688876
688878
688900
688990
688995
688996
68925
689536
689537
689555
689558
68956
689662
689677
689678
690676
690813
690814
690860
690862
690871
690872
690875
691102
6915
691501
691508
691579
691653
691656
691771
692
692011
692526
692527
692532
692544
692568
692579
692622
692624
692626
692627
692628
692632
692633
692635
692638
692662
692663
69278
692793
692795
692796
692895
6929
693
693046
693059
693343
693347
693531
693906
693907
693908
693923
694610
694611
694664
694668
694679
694717
694737
694830
694831
694837
695119
695949
695983
695990
695991
695992
696
696271
696536
696538
696642
696678
696679
696900
696901
697082
697272
697326
697423
697424
697510
697517
697529
697773
697774
697775
697777
697783
697784
697785
697924
697931
698326
698327
698348
698544
698610
698645
698708
69885
69887
698888
698984
699010
699183
699189
699194
699200
699206
699216
699218
699232
699279
699417
699442
699443
699534
699574
699582
699585
699588
699664
699676
699677
699711
699715
699717
699880
699884
699885
699887
699890
699894
699972
700018
700082
70011
700127
700138
700181
700183
700186
700187
700189
700216
700218
700219
700227
700240
700241
700242
700243
700282
700322
700772
7016
70165
701773
701820
701960
702038
702278
702510
702545
702608
702625
702652
702655
703579
703630
703698
703764
703939
703943
703957
703960
703962
703980
704150
70445
70468
705038
705049
705149
705194
705195
705242
70532
705446
705460
70561
705620
705624
705702
705705
705706
705713
705716
705719
705722
705740
705746
70577
705772
705778
705849
705853
705854
705877
705923
705935
706070
706084
706118
706119
706169
706224
706226
70624
706289
706320
706388
706420
706451
706498
706523
706566
706567
706572
706592
706604
706632
706645
706694
706737
706869
706886
706916
706922
706936
70695
706965
706978
706989
707033
707037
707046
707048
707051
707060
707094
707106
707212
707215
707229
707397
70745
70764
707692
707796
707820
707923
707928
707937
708171
708188
708200
708273
708275
708276
708277
708278
708284
708298
708301
708360
708448
708460
708480
708488
708510
708592
708649
708683
708704
708851
708859
708879
708928
709004
709027
70908
709104
709113
709114
709115
709118
709119
709123
709255
709263
709280
709494
709496
70962
70976
709886
709888
709907
709925
709983
709984
709985
709986
709991
710112
710148
710190
710236
710239
710252
710341
710348
710366
710377
710472
710541
710549
710583
710605
710613
710754
710757
710775
710782
710791
710810
710889
710900
710918
710932
710950
711014
711105
711107
711296
711347
711349
711391
711398
711399
711420
711438
711450
711554
711603
711604
711621
711646
711675
711688
711692
711693
711694
711701
711704
711798
711894
711932
711934
712158
712171
712214
712215
712223
712234
712238
712264
712291
712296
712298
712299
712301
712326
712393
712471
712501
712652
712654
712656
712684
712691
712747
712900
712912
713024
713025
713305
713449
713475
713476
713477
713490
713491
713540
713612
713631
713682
713793
7138
713808
713815
713888
713889
713948
713949
714205
714223
714251
714278
714281
714283
714424
71453
71463
714716
714717
714718
714719
714743
714858
714872
714874
715104
715141
715145
715155
715156
715158
715162
715200
715227
71523
715242
715243
71525
715294
715322
715324
715420
715538
715574
715575
715591
715610
71602
71612
716121
716154
716199
716214
716732
716745
716748
716752
716795
716834
716871
716873
716918
716943
716950
716968
716969
71698
717001
71702
71703
71704
71705
717137
71715
717152
717160
717175
717220
71725
717348
717374
717375
717391
717393
717398
717491
717522
717535
717542
717564
717578
717590
717605
717668
717684
717692
717714
717715
71773
717740
717758
717759
717778
717808
717813
717822
717840
717848
717859
71805
7181
71825
71982
71996
720022
720030
720115
720120
720124
720136
720148
720159
720168
720219
720243
720244
720261
720310
720311
720312
720379
720438
720471
720488
720556
720608
720609
720614
720647
720818
720878
720903
720912
720920
720948
721019
721045
721048
721064
721087
721101
721102
721103
721115
721167
721168
721174
721202
721233
721234
721284
721285
721316
721423
721427
721428
721505
721526
721622
721624
721628
721668
721894
72213
72232
72240
72241
72242
72257
72258
72282
72283
722988
72299
723011
723049
72320
72325
72332
72337
72338
72353
723691
72389
723906
723954
724017
724018
724036
724037
724054
724064
724112
724130
724149
724236
724298
724504
724532
724727
724737
724859
724861
724865
724866
724867
724885
724906
724914
724920
725058
725059
725098
725100
725102
725193
725195
725198
725199
725236
725291
725373
725544
725545
725596
725598
725745
725746
725778
725795
725843
725924
725947
725955
725961
725987
726021
726044
726065
726098
726110
726116
726119
726131
726132
726137
726138
726146
726147
726152
726154
726155
726168
726193
726200
726204
726206
726217
726223
726233
726236
726258
726389
726523
726585
726591
726916
726920
726921
726936
726959
726961
726988
727021
727024
727025
727041
727042
727057
727126
727277
727382
727396
727429
727445
727450
727455
727456
727460
727472
727473
727474
727488
727500
727510
727536
727602
727621
727676
727697
727702
727721
727725
727726
727727
727741
727762
727770
727802
727813
727818
727824
727886
727898
727899
727906
727934
727940
727962
728116
728119
728197
728204
728218
728239
728273
728274
728283
728377
728406
728422
728426
728434
728443
728445
728446
728457
728483
728489
728492
728498
728504
728505
728507
728513
728545
728548
728575
728622
72869
728967
728969
728978
728989
728995
729010
72905
729055
729059
72906
729086
729099
729105
729186
729287
729325
729326
729330
729332
729348
729376
729395
729406
729411
729414
729417
729422
729423
729424
729425
729430
729431
729437
729439
729442
729444
729446
729448
729450
729452
729456
729457
729458
729466
729468
729469
729475
729477
729511
729512
729527
729547
729559
729596
729597
729606
729624
729626
729667
729671
729673
729674
729680
729681
72971
729734
729735
72975
72976
729771
729851
729855
729905
729922
729926
72993
729932
729951
729982
730022
730072
730092
73011
73012
73013
73014
73016
730166
730167
730168
730212
730373
730382
730385
730390
730411
730434
730436
730442
730446
730473
730475
730480
730573
73064
730645
73066
73067
73070
730761
730802
730805
730852
73088
730891
730938
730957
73096
73098
731007
731013
731045
731059
73109
73110
731124
73113
731148
731161
731164
731184
731191
731198
73121
73123
731282
731360
731366
731367
731383
73148
73149
731490
73151
731606
731629
731636
731637
73164
731645
731647
731657
73168
731757
731764
73184
731885
73189
731907
73191
732074
732075
73216
73217
732290
732298
732308
732314
732316
732317
732318
732323
732331
73235
732405
732470
732485
732488
732504
732505
732515
732530
73259
732639
732640
73268
73270
73273
732751
73292
73307
73309
733156
733178
733189
733205
733206
73325
73327
73328
733330
733352
733362
733382
733392
733431
73356
73359
733613
73362
733643
73379
73380
73383
73425
73484
73487
73544
73546
73552
73553
73557
73559
73562
73587
73594
73607
73635
73641
73652
73654
73678
73700
73707
73719
73728
73739
73796
73808
73810
73811
73813
73826
73827
73828
73833
73835
73840
738412
738423
738443
738451
73853
73857
73862
738672
738681
738748
738774
73881
739015
739120
739468
739504
739548
7396
739754
739772
739784
73984
739849
739862
739871
739872
739873
739877
739884
739905
739937
739963
74008
740121
740166
74045
740465
740481
740482
740502
740506
740515
740516
74052
740534
74057
740589
740697
740699
740707
740709
740721
740728
740745
740750
740765
740767
740774
740789
740796
741034
741040
741046
741076
741104
741342
741372
741425
741490
741503
74151
741670
741678
741679
741693
741727
741766
741824
741825
741874
741916
741918
741919
741920
742119
742130
742149
742152
742166
742171
742177
742192
742201
742205
742207
742223
742237
742333
742367
742422
742427
742442
742453
742472
742496
742520
742551
742627
742755
742789
742842
742903
743165
743310
743360
743373
743599
743649
743709
743752
743783
743785
743794
743811
743847
743882
743884
744009
744032
744044
744055
744056
744093
744095
744111
744123
744400
744419
744503
744544
744546
744547
744552
744563
744709
744752
744771
744772
745123
745152
745377
74569
745824
745860
745868
745902
745910
746001
746009
746012
746013
746206
746310
746349
746356
746367
746385
746387
746394
746397
746403
746412
746413
746421
746469
746470
746497
746506
746510
746517
746531
74654
746676
746692
746693
746898
74690
747014
74703
747033
747034
747173
747177
747225
747241
747246
747397
747598
747604
747607
747627
747633
747635
747851
747852
748031
74811
748182
748271
748297
748406
748407
748410
748545
74856
748576
748720
748729
748735
748736
748740
748743
748781
748785
74883
748832
748845
748850
74892
748970
748987
749003
749057
749095
749114
749118
749128
749132
749180
749207
749208
74923
74924
749247
749251
749255
749272
749340
749375
749376
749377
749411
749427
749430
749439
749481
749491
74963
749983
749996
750015
750024
750048
750067
750070
750073
750081
750087
750088
750092
750103
750135
750138
750139
750148
750149
750150
750156
750157
750165
750173
750174
750182
750191
750195
750204
750221
75023
750249
750313
750323
750381
750536
750782
750804
751043
751138
751143
751144
751146
751149
751194
751267
751287
751288
751289
751308
751311
751340
751362
751388
751396
751405
751407
751412
751421
751432
751451
751504
751622
751980
752054
752072
752143
752145
752180
752196
752364
752422
75250
7526
752677
752871
753227
753229
753230
753648
753868
753885
753913
753921
753932
753935
754005
754107
754121
754131
754246
754247
754255
754277
754278
754281
754285
754305
754307
754308
754401
75482
754826
754979
755108
755141
755195
755206
755235
755292
755294
755370
755375
75546
755500
755501
755519
755589
755728
756068
756070
756137
756145
756146
756285
756307
756448
756609
756639
756644
756649
756814
756815
756816
756879
756886
756918
756922
756926
756957
757006
757012
757069
757080
757092
757098
757105
757112
757113
757129
757227
757418
757437
757529
757567
757584
757616
757640
757646
757664
757669
757682
757691
757696
757697
757713
757736
757801
757993
758044
758048
758061
758085
758295
758309
758331
758453
758457
758478
758486
758492
758525
75853
758556
758583
758598
758627
758628
758717
758726
758847
758907
759011
759067
759097
759118
75913
759130
759147
759153
759155
759165
759175
759176
759177
759313
759371
75976
759764
75981
759832
759847
760000
760034
760079
760098
760133
760189
760190
760406
760478
760500
760510
760527
760534
760542
760554
760555
760560
760570
760582
760622
760625
760659
760821
760830
760843
760897
760898
760901
760917
760937
760953
76107
761091
761098
761112
761131
761136
761195
761198
761205
761287
761289
761302
761303
761304
761305
761306
761307
761331
761402
761558
761560
761563
761617
761639
761666
761667
761668
762091
762120
762137
762160
762175
762176
762177
76226
762335
762391
762455
762490
762563
762726
762746
762762
762765
762791
762794
762824
762932
762988
763058
763061
763108
763178
763201
763207
763236
763239
763324
763368
763459
763461
763468
763486
763521
763713
763812
763822
764138
764140
764393
764449
764466
764492
764537
764652
764698
764704
764714
764778
764899
764961
765031
765093
765113
765125
765173
765174
765327
765453
765471
765482
765553
765586
765594
765758
765760
765783
765787
765823
765824
765828
765842
765908
765944
765988
766115
766121
766131
766410
766446
766511
766515
766553
766608
766618
766762
766763
766966
767025
767244
767337
767376
767518
767522
767542
767547
767663
767711
767713
767714
767743
767751
767782
767800
767805
767822
767827
767845
767866
768046
768083
768084
768085
768089
768110
768188
768205
768220
768225
768242
768252
768282
768302
768322
768333
768384
768398
768423
768426
768432
768443
768650
768661
768662
768725
768726
768784
768821
768858
768929
768967
768993
768994
768997
769001
769004
769005
769069
769070
76909
769101
769117
769135
769170
769277
769315
769317
769326
769359
769367
769411
769422
769455
769468
769496
769504
769530
769586
769591
769689
769705
769819
769833
769932
769942
769951
769979
770000
770016
770026
770153
770180
770192
770350
770363
770382
770786
770829
770966
770967
771
771023
771433
771559
771561
771596
771597
771603
771621
771634
771635
771639
771643
771648
771651
771661
771730
771761
771766
771889
771898
771908
771946
771947
771952
771962
771969
771970
771992
772047
772176
772181
772232
772233
772235
772238
772258
772307
772394
772396
772398
772481
772486
772539
772586
772609
772613
772630
772655
772682
772692
772728
772743
772748
772753
772784
77279
772794
772795
772806
772808
772812
772815
772831
772832
772841
772842
772843
772851
772884
772935
772936
772937
772939
772945
772952
772953
772955
772961
773024
773025
773030
773033
773059
773060
773076
773079
773082
773084
773085
773089
773233
773236
773346
773394
773399
773437
773616
773864
773866
773868
773871
773872
773886
773888
773896
773899
773900
773901
773904
773906
773907
773925
773941
773944
773948
773949
773952
773955
773957
773959
773966
773972
773974
773976
773978
773979
773980
773981
773982
773983
773984
773986
773987
773988
773989
773990
773992
773995
773996
773997
774000
774001
774002
774003
774004
774005
774006
774007
774008
774009
774010
774011
774012
774015
774017
77402
774023
774024
774027
774030
774032
774035
774038
774040
774043
774044
774045
774046
774049
774050
774052
774055
774061
774062
774063
774065
774069
774083
774086
774089
774092
774094
774095
774122
774124
774159
774269
77435
77437
774373
774394
774398
774508
774509
774611
774660
77474
774949
774951
774969
774977
774978
774979
774980
775112
775157
775176
775177
775251
77533
77534
775408
775438
775443
775449
775545
775546
775687
775704
775789
776048
776050
776057
776059
776071
776072
776073
776075
776096
776098
776101
776159
776160
776165
776285
776312
776335
776391
776412
776414
776430
776434
776549
776550
776567
776571
776601
776666
776696
776698
776724
776726
776759
776762
776763
776797
776799
776801
776802
776804
776805
776808
776809
776810
776814
776815
776816
776817
776949
776961
776964
776994
777056
777057
777060
777066
777082
777119
777279
777301
777309
777310
777326
777327
777331
777332
777400
777428
777454
777471
777472
777475
777477
777488
777504
777562
777572
777575
777577
777606
777639
777647
777690
777769
778109
778128
77813
778147
778190
778208
778216
778237
778264
778269
778324
778326
778498
778686
778835
779010
779015
779061
779070
779186
779272
77931
779348
779485
779605
779606
779607
779617
779618
779620
779622
779713
779748
779749
779750
779754
779767
779768
779769
779770
779804
779806
779807
779809
779812
779813
779823
779849
779879
779881
779882
779908
779913
779921
779922
779923
779938
779949
779955
779961
779983
779987
780022
780026
780027
780033
780046
780053
780075
780119
780139
780140
780175
780180
780259
780317
780386
78040
780401
780405
780408
780411
780482
780515
780517
780594
780768
780789
780849
780882
780916
781023
781113
781368
781501
781504
781511
781512
781513
781529
781552
781663
781739
781760
781761
781762
781763
781785
781889
781910
781913
78195
782005
782024
782060
782327
782355
782563
782572
782628
782629
782638
782641
782642
782828
783157
783241
783365
783398
783400
783490
783551
78358
783617
783626
783641
783651
783652
783653
783783
783813
783837
783840
783989
783992
784111
784114
784126
784127
78421
784267
78428
78433
784427
784436
784439
784459
784463
784466
784467
784468
784469
784473
784490
784495
784501
784529
784602
784651
784667
784668
784688
784753
784830
784884
784937
784963
784979
784996
785008
785009
785041
785071
785113
785126
785268
785392
785398
785399
785400
785413
785414
785415
785443
785454
785463
785464
785470
785612
785613
785617
785635
785636
785638
785661
785667
785668
785669
785670
785671
785672
785711
785715
785718
785719
785721
785723
785725
785727
785729
785731
785766
785767
785768
785778
785779
785780
785802
785805
785806
785810
785812
785814
785818
785823
785825
785829
785832
785835
785838
785874
785911
786089
786226
786307
786344
786346
786403
786447
786450
786469
786481
786542
786543
786545
786551
78667
786806
786830
786832
786834
786835
786843
786920
786977
786988
787046
787083
78709
787102
787115
787125
787129
787152
787181
787199
787353
787370
787444
787488
787506
787510
787547
787576
787582
787612
787617
787626
787627
787635
787644
787677
787714
787717
787721
787727
787742
787759
787770
787775
787789
787818
787831
787860
787904
787918
787921
787930
787980
788001
788002
788010
788066
788147
788390
788413
788429
788560
788562
788563
788594
788604
788611
788685
788701
788714
788717
788724
788732
788738
788757
78876
788779
789005
789076
789102
789220
789227
78923
789230
78931
78939
78940
78941
78942
789671
789739
789845
789896
789926
789998
790084
790175
790177
790180
790250
790251
790385
790449
790477
790481
790504
790598
790629
790643
790646
790653
790685
790694
790721
790776
790778
790779
790813
790902
790916
790963
790965
790972
790992
790993
790995
791068
791098
791099
791109
791140
791151
791153
791161
791261
791264
791267
791268
791275
791358
791359
791360
791365
791368
791370
791371
791373
791376
791383
791447
791449
791450
791497
791499
791502
791503
791504
791626
791755
79176
791761
791843
791846
791858
791920
791930
791941
791942
791967
791968
791974
791977
792056
792061
792064
792068
792092
792111
792152
792156
792173
792176
792180
792195
792277
792278
792539
79254
792540
792546
793052
793104
793112
793122
793145
793147
793173
793345
793353
793355
793361
793364
793368
793372
793386
793396
793403
793421
793435
793447
793456
793462
793601
793745
793767
793858
793938
793965
793983
793984
793986
793989
794273
794296
794445
794467
794470
794482
794484
794486
794487
794490
794493
794494
794625
794633
794634
794636
794704
794707
794898
794900
794905
794936
795045
795047
795090
795190
795210
795212
795340
795352
795463
795517
795564
795565
795601
795602
795605
795625
79566
795673
795674
795707
795723
795724
795744
795748
795749
795808
795833
795844
795909
795916
795917
796067
796111
7962
796236
796239
796245
796248
796250
796252
796253
796254
796259
796261
796281
796366
796453
796458
796460
796466
796473
796487
796692
796727
796729
796747
796749
796884
796938
796939
796940
796941
796961
797053
797054
797058
79709
797124
797193
797215
797276
797280
797289
797306
797307
797471
797473
797475
797537
797538
797597
797795
797894
797899
797954
797955
797956
797959
797981
797982
798004
798124
798125
798134
798136
798161
798163
798168
7982
798273
798297
798407
798421
798433
798435
798463
798526
798529
79853
798538
798539
798540
798541
798600
798607
798703
798704
798879
798883
798885
798889
798891
798893
799007
799013
799074
799124
79926
799392
799406
799408
799414
799439
799472
799511
799547
799578
799579
799615
799616
799618
799662
799673
799685
799687
799696
799761
799762
799763
799765
799866
799867
799881
799883
799887
799894
799900
799909
799967
799968
800018
800030
800031
800035
800036
800053
800059
800060
800083
800104
800109
800112
800167
800168
800253
800304
800317
800326
800430
800477
800479
800480
800505
800515
800516
800519
800521
800524
800527
800528
800530
800715
800717
800727
800731
800861
801050
801075
801171
801172
801180
801233
801240
801269
801271
801272
801278
801281
801283
801451
801488
801554
801565
801753
801755
801756
801763
801779
801903
801909
802005
802045
802047
802049
802050
802061
802063
802067
802068
802075
802082
802153
802154
802155
802189
802217
802262
802267
802336
802342
802367
802394
802404
803027
803033
803059
803141
803932
804096
805426
806728
8109
8120
8124
82011
82217
823127
823128
823147
823194
823196
823201
823233
823263
823268
823507
823521
823539
823548
823553
823554
823556
823557
823558
823564
823584
823593
823676
823754
823779
823782
823832
824024
824025
824027
824028
824073
824091
824094
824097
824098
824111
824133
824245
824336
824346
824354
824356
824360
824709
824711
824712
824741
824830
825000
825059
825063
825067
825296
825440
825542
825906
826394
826440
826484
826549
826695
826805
826824
826831
826848
826903
827258
827589
827593
827595
827602
827604
827607
827629
827782
827985
828267
828268
828270
828279
828301
828302
828305
828307
828313
828336
828337
828338
828344
828366
828470
82855
828586
828660
828661
828675
828684
828837
829047
82908
829168
829169
829181
829184
829339
829446
829573
829656
829698
829742
829978
830027
830221
830348
830362
830370
830394
830749
830754
83252
83276
83340
8340
83521
838810
838815
838816
838833
838844
838845
838851
8389
839250
839283
839292
839317
839354
839371
839372
839375
839377
839383
839388
839458
839496
839504
839673
840164
840165
840207
840234
840351
840438
840552
840665
840686
840896
840905
840931
84100
84101
841024
841139
841145
841148
841151
841153
841154
841158
841178
841184
841189
841197
841199
841207
841250
841389
841390
841490
841668
841685
841687
841780
841889
842207
842266
842372
84239
842522
842557
843068
843233
84345
843632
843706
843711
843989
844
844040
845228
845306
845560
845600
84569
845802
845803
845976
845985
84600
846006
84602
84603
846581
84736
848899
84909
84910
84913
84914
84915
849838
849960
850109
850470
850617
850672
850984
851
851110
851122
85165
85261
852613
852614
85374
85378
853868
853967
85404
854105
854131
854268
854422
854543
854701
855238
85538
85541
855551
855559
855653
855655
85608
85624
856785
85720
857483
85773
858609
858937
85912
859242
859323
859333
859340
859345
859358
85953
859864
86000
86003
860063
86011
86012
860345
860550
86056
86072
860751
860763
86079
860801
860802
86081
86082
860826
86083
86084
86117
86118
86119
86137
861535
861582
861584
861592
861594
861595
861598
861606
861608
861612
861832
861833
861847
861848
86189
86191
862058
86222
862240
862905
862912
862913
863087
86385
863889
864974
86516
865585
865707
867502
867536
867538
867540
867541
867549
867569
86777
86778
86792
867984
86800
868142
868190
868247
868261
86867
86874
86875
86876
86911
86912
869185
869198
86923
869231
869240
869244
86926
86930
86936
86946
86976
869874
86991
869956
87001
870242
870244
870294
870296
870299
870304
870311
870322
870335
87056
870792
870793
870934
87121
87150
87185
87208
872493
87285
87289
873431
874134
87459
87460
87466
874934
875022
875850
875851
876693
876694
876697
876698
876701
87770
87815
87828
878524
878525
878555
878604
878994
879188
879562
88067
880887
880888
88117
88119
88140
88213
882488
882557
882906
883176
883381
883418
883420
883448
884125
884164
884312
88474
884832
88525
88552
885752
886032
886939
886940
887069
887189
887190
887195
887203
887204
887217
887238
887349
887350
887442
888061
889279
889633
889803
889830
889834
890738
891307
892293
892295
892467
892741
892744
892883
893040
893042
893050
893098
893513
893594
89371
893790
893879
894052
894491
894499
894639
894771
894798
895785
89590
89611
896382
896436
896483
89665
89717
897402
898558
898792
898795
898948
899161
899512
900008
900043
900044
900062
900063
900065
900067
900069
900070
900071
900078
900089
900091
900096
900142
900154
900158
900159
900165
900174
900182
900187
900196
900197
900214
900226
900227
900229
900231
900261
900272
900280
900281
900282
900289
900296
900297
900309
900310
900328
900329
900330
900335
900336
900338
900362
900377
900378
900389
900390
900396
900405
900430
900456
900461
90048
900501
900506
900536
900565
900571
900575
900579
900585
900596
900597
900602
900642
900643
900644
900656
900676
900687
900698
900699
900739
900740
900745
900769
900787
900806
900807
900809
900824
900843
900851
900852
900853
900855
900856
900858
900874
900878
900908
900920
900934
900935
900948
900954
900955
900959
900963
900967
900984
900985
900986
900988
901008
901013
901022
901042
901047
901051
901054
901055
901058
901059
901061
901070
901096
901101
901104
901133
901134
901135
901137
901138
901139
901166
901182
901185
901193
901198
901200
901201
901203
901205
901230
901248
901251
901253
901259
901260
901261
901264
901267
901269
901282
901283
901287
901306
901311
901312
901331
901333
901340
901341
901342
901344
901353
901368
901376
901385
901389
901411
901412
901418
901420
901422
901426
901427
901429
901451
901452
901464
901465
901495
901498
901518
901519
901526
901527
901551
901559
901560
901567
901586
901591
901599
901613
901622
901623
901641
901644
901645
901651
901691
901695
901700
901729
901744
901745
901755
901756
901758
901759
901766
901767
901770
901785
901791
901801
901805
901808
901809
901836
901843
901848
901849
901850
901869
901870
901871
901905
901916
901929
901955
901956
901957
901958
901959
901988
901994
901997
902017
902021
902023
902057
902058
902066
902070
902073
902075
902083
902096
902101
902105
902115
902118
902136
902139
902142
902154
902157
902158
902159
902167
902173
90218
902183
902184
902198
90220
902209
902225
902234
902242
902263
902275
902277
902284
902291
902294
902300
902301
902302
902310
902317
902324
902330
902331
902336
902373
902380
902391
902393
902394
902395
902406
902423
902428
902429
902430
902443
902444
902458
902460
90248
902481
902482
902483
902484
902486
902491
902511
902520
902524
902525
902550
902551
902552
902554
902571
902584
902608
902615
902616
902617
902618
902622
902671
902673
902674
902682
902683
902684
902701
902735
902743
902765
902769
902771
902782
902803
902852
902858
902874
902888
902889
902895
902910
902931
902934
902938
902939
902942
902977
902994
903050
903064
903065
903070
903071
903076
903081
903085
903109
903117
903122
903123
903125
903136
903169
903175
903180
903191
903204
903205
903206
903215
903252
903258
903260
903268
903274
903275
903276
903280
903281
903284
903290
903291
903310
903316
903317
903318
903319
903321
903323
903324
903325
903326
903334
903338
903339
903343
903344
903348
903350
903352
903356
903363
903366
903368
903400
903401
903419
903426
903436
903454
903455
903457
903465
903479
903482
903502
903508
903515
90353
903546
903551
903579
903583
903585
903586
903588
903590
903598
903623
903644
903682
903688
903691
903730
903731
903743
903746
903755
903758
903759
903762
903764
903769
903772
903775
90380
903802
903809
903822
903828
903835
903838
903847
903860
903870
903872
903873
903881
903882
903887
903890
903894
903896
903899
903907
903913
903914
903922
903925
903929
903930
903931
903945
903946
903952
903956
903957
903974
903976
903983
904005
904006
904012
904013
904059
904073
904074
904075
904076
904078
904110
904111
904112
904117
904127
904134
904137
904138
904148
904151
904167
904190
904197
904200
904201
904205
904206
904207
904209
904212
904231
904232
904238
904239
904240
904241
904243
904249
904250
904258
904265
904283
904295
904301
904350
904351
904353
904355
904358
904366
904377
904378
904379
904388
904398
904399
904406
904409
904410
904411
904414
904415
904419
904427
904428
904429
904431
904433
904435
904436
904437
904446
904447
904451
904452
904458
904468
904477
904478
904483
904491
904518
904521
904523
904524
904525
904529
904535
904537
904539
904545
904549
904565
904599
904600
904602
904612
904620
904625
904633
904642
904653
904664
904665
904666
904670
904674
904681
904696
904699
904714
904715
904716
904717
904718
904719
904723
904726
904736
904738
904743
904753
904766
904767
904770
904777
904778
904781
904787
904790
904793
904809
904810
904811
904812
904813
904820
904825
904828
904834
904841
904869
904870
904871
904872
904882
904890
904893
904899
904914
904930
904943
904944
904956
904960
904993
904994
904995
905048
905049
905057
905062
905063
905064
905065
905066
905089
905090
905091
905097
905098
905104
905114
905134
905136
905149
905150
905160
905166
905170
905177
905178
905179
905194
905207
905222
905223
905228
905231
905241
905274
905295
905314
905317
905339
905367
905371
905372
905378
905412
905413
905414
905415
905429
905435
905448
905457
905522
905536
905537
905538
905540
905572
905575
905577
905583
905596
905603
905625
905631
905632
905642
905647
905661
905662
905672
905675
905679
905690
905702
905721
905724
905736
905737
905738
905740
905743
905763
905780
905809
905810
905813
905814
905828
905833
905836
905864
905888
905893
9059
905905
905909
905914
905917
905930
905932
905936
905940
905952
905957
905958
905960
905962
905963
905966
905967
905968
905971
905976
905978
905981
905997
906006
906009
906011
906012
906022
906038
906044
906046
906054
906067
906068
906069
906071
906079
906081
906088
906090
906097
9061
906100
906129
906138
906168
906169
906170
906181
906182
906185
906186
906188
906197
906199
906200
906220
906225
906233
906238
906252
906294
906319
906331
906336
906352
906353
906354
906396
906423
906472
906489
906505
906512
906520
906541
906555
906598
906614
906616
906618
906624
906630
906633
906634
906635
906639
906664
906667
9067
906700
90671
906753
906755
906759
906782
906786
906795
9068
906800
906803
906818
906836
906841
906843
906864
906871
906875
906879
906889
906890
906891
906896
906897
906898
906899
906900
906901
906903
906911
906919
906926
906934
906939
906944
906946
906947
906948
906950
906959
906960
906963
906968
906970
906972
906974
906975
906976
906979
906983
906985
906986
906987
906989
906997
907006
907009
907045
907046
907047
907056
907061
907063
907065
907069
907071
907072
907081
907085
907099
907107
907108
907126
907131
907136
907138
907148
907156
907158
907167
907183
907184
907186
907189
907191
907192
907194
907202
907220
907223
907224
907226
907233
907258
907260
907266
907267
90727
907277
907279
907289
907290
907291
907292
907293
907301
907311
907312
907313
907316
907326
907329
907332
907355
907363
907367
907371
907372
907376
907379
907380
907418
907434
907436
907437
907443
907461
907472
907474
907480
907490
907493
907496
907508
907509
907510
907528
907547
907549
907551
907553
907554
907571
907574
907584
907587
907588
907589
907591
907592
907608
907611
907612
907615
907616
907623
907625
907626
907648
907651
907652
907653
907655
907663
907666
907667
907668
907669
907671
907675
907676
907677
907678
907679
907682
907683
907684
907685
907686
907691
907693
907696
907706
907708
907709
90771
907711
907715
907736
907742
907746
907747
907769
907778
907781
907782
907783
907786
907789
907790
907797
907798
907800
907801
907802
907803
907804
907805
907812
907814
907816
907824
907826
907827
907828
907829
907831
907836
907837
907838
907839
907840
907850
907852
907867
907881
907899
907901
907903
907904
907916
907917
907918
907922
907924
907925
907928
907934
907936
907937
907949
907950
907951
907952
907955
907959
907988
907989
907990
907992
907993
908001
908002
908003
908004
908005
908006
908007
908008
908010
908011
908013
908014
908016
908018
908020
908021
908022
908028
908033
908045
908047
908048
908049
908050
908052
908053
908054
908056
908057
908058
908067
908068
908069
908088
908108
908109
908110
908111
908112
908133
908155
908156
908191
908193
908196
908199
908202
908219
908221
908223
908224
908225
908226
908227
908231
908237
908248
908269
908272
908277
908280
908288
908292
908295
908300
908303
908304
908305
908306
908309
908310
908312
908313
908320
908323
908339
908340
908341
908344
908345
908355
908356
908357
908358
908381
908384
908387
908388
908389
908391
908392
908394
908396
908397
908398
908404
908405
908407
908417
908423
908425
908427
908428
908429
908432
908433
908437
908438
908439
908440
908441
908446
908448
908451
908452
908453
908456
908464
908466
908476
908477
908480
908482
908485
908487
908495
908496
908497
908498
908501
908508
908509
908514
908516
908519
908520
908523
908534
908538
908539
908540
908541
908544
908546
908547
908550
908555
908563
908565
908566
908573
908587
908592
908594
908598
908599
908602
908604
908606
908610
908614
908618
908622
908623
908626
908629
908630
908632
908634
908635
908636
908651
908652
908655
908656
908657
908658
908659
908661
908662
908663
908672
908678
908679
908681
908682
908688
908697
908702
908704
908706
908707
908712
908714
908715
908717
908718
908727
908732
908733
908734
908735
908736
908745
908746
908747
908749
908750
908751
908753
908758
908760
908787
908791
908792
908793
908797
908798
908804
908808
908816
908818
908820
908821
908823
908825
908830
908831
908835
908837
908839
908840
908842
908843
908845
908846
908847
908853
908857
908861
908862
908872
908873
908878
908880
908881
908882
908883
908888
908893
908894
908902
908903
908906
908909
908920
908923
908929
908930
908931
908941
908942
908943
908944
908945
908948
908949
908950
908952
908953
908977
908978
908980
908981
908982
908984
908989
908990
908992
908996
908997
908999
909000
909007
909012
909013
909014
909016
909019
909021
909022
909023
909028
909029
909032
909033
909034
909047
909056
909057
909058
909060
909061
909068
909069
909072
909074
909075
909084
909086
909093
909095
909098
909099
909100
909101
909102
909116
909117
909123
909127
909131
909137
909138
909139
909140
909144
909147
909153
909159
909162
909165
909182
909184
909186
909187
909188
909204
909205
909211
909486
909545
909546
909602
909817
909834
90985
909918
909995
910059
910077
910084
910108
91012
910130
910131
910132
910133
910137
91014
910251
91029
91030
910322
910324
910325
910345
91044
910562
910563
910564
910590
910632
910678
910702
910786
910828
910865
910881
910883
910900
910907
910908
910909
910910
910914
911000
911069
911084
911095
911104
911140
911193
911211
911227
911249
911308
911342
911390
911394
911396
911397
911398
911399
911400
911403
911404
911405
911406
911408
911411
911418
911419
911457
911467
911468
911471
911472
911499
911514
911515
911519
911522
911527
911532
911535
911546
911547
911549
911550
911552
911556
911560
911561
911562
911564
911566
911569
911570
911571
911573
911574
911575
911588
911589
911594
911595
911597
911599
911604
911608
911609
911614
911619
911622
911633
911636
911655
911662
911673
911674
91168
911685
911691
911692
911694
911695
911696
911697
911698
911700
911703
911707
911710
911711
911716
911718
911719
911724
911725
911729
91173
911734
911741
911743
911745
911746
911749
911750
911751
911753
911755
911762
911785
911788
911793
911794
911796
911797
911798
911799
911800
911814
911822
911826
911828
911835
911836
911847
911863
911874
911879
911882
911897
911906
911907
91191
91192
911934
911936
911938
911940
911941
911943
911944
911946
911949
91195
911951
911952
911957
911958
911962
911965
911967
911969
911972
911974
911976
911978
911982
911985
911986
911988
91199
911997
911999
912001
912003
912004
912005
912006
912008
912009
912010
912013
912016
912017
912019
912020
912021
912022
912023
912029
912039
912055
912061
912071
912079
912081
912090
912092
912094
912095
912096
912098
912099
912110
912116
912124
912126
912132
912133
912134
912135
912136
912137
912138
912140
912141
912152
912156
912158
912159
912160
912161
912162
912163
912164
912166
912167
912168
912169
912170
912172
912175
912179
912186
912187
912188
912189
912190
912191
912192
912205
912207
912223
912236
912238
912243
912246
912251
912276
912283
912291
912292
912300
912304
912306
912313
912324
912326
912343
912354
912355
912364
912378
912383
912385
912386
912389
912393
912394
912397
912399
91241
912429
912430
912437
912441
912442
912443
912444
912445
912449
912452
912453
912459
912460
912462
912463
912466
912473
912474
912482
912483
912484
912487
912495
912496
912498
912508
912518
912519
912520
912529
912532
912533
912537
912538
912540
912542
912547
912553
912554
912555
912557
912565
912568
912572
912573
912574
912581
912582
912584
912586
912590
912592
912594
912597
912598
912599
91260
912600
912601
912602
912604
912605
912606
912607
912611
912612
912613
912615
912618
912628
912642
912649
912653
912665
912672
912673
912690
912693
912694
912717
912724
912728
912729
912730
912731
912733
912734
912735
91277
912810
912813
912816
912818
912823
912829
912832
912857
912861
912862
912864
912867
912872
912877
912880
912881
912890
912900
912906
912912
912914
912918
912922
912924
912928
912935
912937
912938
912939
912940
912941
912942
912943
912944
912945
912946
912947
912948
912949
912950
912951
912952
912953
912954
912955
912959
912960
912961
912962
912963
912964
912965
912968
913014
913015
913022
913027
913032
913034
913039
913049
913058
913059
913064
913069
913073
913078
913081
913090
913091
913095
913099
913105
913107
913108
913113
913118
913124
913126
913131
913135
913140
913142
913144
913145
913146
913149
913169
913195
913196
913197
913198
913199
913200
913201
913202
913203
913204
913211
913212
913215
913217
913225
913226
913254
913257
913258
913262
913274
913279
913283
913286
913294
913308
913309
913322
913324
913326
913327
913329
913335
913338
913339
913340
913351
913371
913376
913377
913382
913391
913392
913397
913399
913411
913423
913425
913426
913429
913433
913434
913441
913442
913443
913445
913446
913447
913449
913450
913451
913452
913458
913460
913464
913466
913468
913469
913472
913474
913476
913478
913479
913494
913508
913519
913527
913528
913536
91354
913543
913548
913551
913561
913581
913608
913629
913631
913637
913652
913670
913671
913673
913675
913676
913682
913685
913688
913690
913696
913699
913701
913705
913709
913710
913713
913716
913718
913719
913721
913724
913727
913728
913730
913733
913734
913735
913739
913744
913746
913752
913754
913755
913759
913761
913762
913764
913765
913767
913769
913770
913771
913777
913778
913781
913784
913793
913806
913814
913828
913863
913875
913883
913884
913891
913898
913920
913921
913923
913924
913927
913928
913938
913943
913948
913959
913970
913975
913992
913996
914000
914001
914003
914011
914018
914022
914030
914033
914042
914043
914086
914106
914107
914164
914173
914174
914181
914183
914201
914235
914239
914271
914272
914273
914282
914296
914297
914305
914307
914326
914327
914328
914329
914352
914356
914359
914389
914433
914436
914438
914439
914467
914470
914485
914491
914498
914513
914517
914518
914519
914535
914540
914541
914542
914553
914554
914557
914559
914560
914581
914587
914588
914591
914594
914602
914604
914605
914607
914608
914609
914610
914616
914618
914620
914622
914650
914652
914653
914660
914663
914665
914666
914669
914672
914674
914676
914680
914686
914693
914694
914698
914704
914705
914707
914712
914714
914717
914721
914730
914736
914737
914743
914745
914749
914753
914757
914759
914760
914761
914762
914765
914768
914772
914773
914774
914779
914784
914797
914799
914800
914801
914803
914810
914811
914812
914813
914820
914827
914829
914833
914842
914852
914858
914859
914860
914861
914864
914866
914867
914869
914871
914877
914878
914879
914880
914884
914885
914886
914891
914896
914897
914899
914900
914906
914908
914912
914914
914916
914917
914918
914920
914925
914926
914928
914931
914932
914934
914935
914938
914939
914940
914941
914942
914946
914947
914949
914976
914978
914982
914985
914992
915001
915005
915007
915019
915022
915026
915031
915034
915035
915036
915045
915048
915049
915054
915056
915060
915074
915077
915090
915096
915099
915102
915103
915105
915106
915108
915109
915110
915114
915127
915128
915129
915131
915133
915134
915137
915138
915182
915183
915185
915186
915188
915201
915202
915205
915206
915207
915208
915210
915211
915212
915213
915215
915216
915217
915218
915222
915224
915225
915226
915229
915237
915247
915252
915253
915255
915258
915259
915260
915261
915262
915264
915266
915267
915271
915272
915282
915283
915291
915293
91530
915305
915306
915308
915318
915319
915333
915334
915335
915336
915337
915339
915340
915341
91537
915388
915559
915612
915645
915693
915694
915697
915698
915699
915706
915720
915725
915727
915759
915769
915812
915820
915831
915869
915872
915875
915888
915889
915890
915893
915895
915903
915914
915946
915949
915968
915971
915974
915990
915993
916001
916003
916005
916009
916012
916014
916018
916020
916021
916022
916025
916040
916042
916046
916049
916050
916056
916059
916061
916066
916071
916082
916083
916085
916087
916089
916117
916118
916119
916120
916121
916122
916124
916125
916132
916134
916137
916151
916154
916155
916156
916157
916159
916165
916170
916171
916173
916175
916179
916180
916181
916185
916186
916192
916206
916207
916208
916212
916213
916214
916222
916223
916224
916225
916226
916231
916233
916243
916244
916248
916249
916260
916261
916263
916265
916266
916267
916268
916269
916273
916278
916279
916280
916281
916282
916283
916284
916287
916291
916293
916299
916303
916305
916309
916310
916313
916315
916322
916323
916343
916344
916346
916347
916348
916351
916352
916357
916358
916379
916386
916387
916388
916389
916391
916392
916394
916397
916398
916399
916403
916404
916411
916417
916418
916419
916424
916436
916440
916441
916443
916445
916464
916468
916483
916488
916492
916497
916498
916500
916505
916508
91653
916531
916535
916540
916541
916543
916581
916585
916586
916589
916595
916598
916600
916601
916627
916636
916638
916639
916642
916657
916659
916660
916661
916662
916663
916666
916677
916679
916687
916700
916702
916704
916709
916726
916731
916733
916737
916739
916740
916742
916743
916744
916745
916751
916753
916754
916758
916763
916785
916790
916798
916825
916833
916835
916839
916850
916851
916853
916856
916857
916858
916861
916865
916866
916868
916876
916899
916901
916931
916962
916963
916981
916984
916990
916992
916993
916998
917007
917015
917018
917019
917029
917043
917045
917047
917051
917053
917063
917066
917073
917079
917080
917083
917087
917088
917091
917103
917105
917110
917125
917127
917128
917152
917188
917225
917237
917238
917239
917240
917242
917256
917259
917260
917262
917263
917274
917275
917286
917299
917320
917338
917346
917358
917367
917369
917386
917397
917398
917401
917410
917429
917437
917438
917453
917456
917461
917467
917478
917482
917483
917502
917554
917560
917562
917563
917565
917566
917589
917590
917591
917595
917614
917625
917633
917668
917670
917705
917707
917714
917715
917717
917721
917725
917726
917727
917774
917781
917784
917793
917800
917814
917815
917864
917886
917897
917899
917905
91805
91861
921188
921191
921192
921675
921683
922460
923315
923319
923320
923349
923383
923420
92372
923873
923884
923889
923891
924232
924326
924335
924727
925391
925441
925806
925821
925991
926279
92677
928466
928629
928638
929116
929118
929120
929121
929343
929344
930005
930485
93052
930940
930963
93140
931427
9315
93236
93237
932506
932510
932542
933110
933188
933652
93370
934168
934269
934274
934479
934480
93472
934745
935113
93512
935197
935198
935210
935331
935332
93537
935640
935645
935649
935754
935857
935872
935873
93601
936068
936085
936087
936180
936183
93651
936545
93685
937302
93765
937736
937906
93820
93821
93835
93888
939085
93931
939920
940261
940262
940330
940896
941057
941180
941204
941234
941260
941281
94156
94203
942343
94295
94298
943315
943418
943433
943435
943485
94394
944958
944978
945027
94552
946110
946370
946422
946465
946706
947193
947788
947796
947806
94788
94794
948250
948268
948360
94887
948989
94915
94916
949208
949210
949211
949212
94925
949343
949344
949439
949539
949541
949649
949754
949765
949786
949870
949871
950129
95025
950278
950282
9504
950415
950419
950422
950444
950446
950451
950483
950486
950488
950490
950491
950505
950506
950513
950515
950553
950563
950569
950570
950580
950582
950606
950609
950610
950614
950616
950617
950618
950619
950623
950625
950627
950633
950634
950635
951560
951654
951655
951681
951711
952098
952099
952100
952101
952440
952442
952504
952510
952632
952668
95274
952905
952907
952908
952909
953070
95317
953487
953533
953537
953542
95358
95360
953723
953724
953730
953731
953734
953735
953736
953738
953813
953815
953873
953975
954282
955398
955400
955417
955420
955456
955788
955790
95651
95654
95678
957076
957103
957687
957690
958412
958778
95893
958975
959437
959544
959545
959549
959551
959556
960197
960579
960583
960597
960614
960651
961274
961279
96151
961975
961993
96222
962759
96276
96291
963034
963111
963124
963127
963131
963179
963193
964037
964301
964351
964469
96447
964486
964792
964855
965045
965047
965049
965078
965100
965145
965147
965149
965158
965295
965594
965695
965697
965707
96577
96590
965937
966499
966553
966957
967498
967533
967536
968356
96857
96858
968794
968795
968796
968797
968798
968799
96880
968800
968801
968802
968803
968804
968805
968806
968809
968810
968811
968812
968813
968814
968816
968817
968818
968819
968820
968821
968822
968824
968829
968831
968832
968834
968835
968842
968843
968844
968846
968847
968848
968849
968850
968851
968852
968853
968854
968857
968858
968862
968863
968864
968865
968867
968868
968869
968870
968871
968872
968873
968874
968875
968876
968877
968878
968879
968880
968881
968882
968883
968884
968885
968886
968887
968889
968891
968892
968895
968896
96948
969688
969756
969769
969778
969779
969789
969922
970105
970160
970320
970327
970341
970428
970803
97091
97096
97103
971358
971412
971421
971434
971573
971824
972179
97369
97582
97748
97870
97987
97992
98001
98023
98026
98061
98185
98558
98605
98630
98650
98790
98903
99132
99135
99141
99196
99197
99198
99254
99574
99576